0.9036 1972.1655 2192.7507 2242.2212 2261.0522
0.8896 1955.9152 1389.2161 2143.6184 1448.382
0.8870 1031.455 2200.0474 1107.2488 2253.8306
0.8869 333.55908 1580.1028 2148.2446 1717.0232
0.8806 440.0435 1771.6084 498.72507 1814.2898
0.8795 299.18893 1480.3323 481.97092 1530.9259
0.8753 1852.0493 2550.0527 1926.7314 2590.461
0.8736 491.35947 1096.1105 1996.9993 1261.8436
0.8665 1107.015 2293.3184 1163.0771 2340.983
0.8653 1836.9733 568.8309 1907.7623 618.3676
0.8651 1573.6981 2287.2275 2160.9631 2348.3408
0.8626 1909.134 657.2953 1963.6985 698.6298
0.8561 788.0651 1480.408 1175.5784 1535.3839
0.8549 1892.272 1944.6385 1944.0123 1991.1578
0.8523 886.5003 1322.2279 952.3083 1361.4379
0.8521 690.3476 1393.6394 739.79156 1447.0149
0.8508 1054.8672 1399.34 1111.792 1447.7104
0.8467 1245.2478 739.87805 1290.4124 791.83325
0.8452 2077.0208 744.24036 2129.3684 784.0258
0.8421 469.52872 739.2641 532.0535 781.23956
0.8398 1786.5896 2202.237 1890.0525 2253.293
0.8348 1113.6229 823.8692 1188.855 867.3125
0.8241 506.11673 1399.3185 575.3576 1447.5588
0.8212 673.8928 744.6661 729.56195 785.7815
0.8178 1944.5723 567.3635 2139.5637 617.35583
0.8111 404.25797 1392.3851 467.533 1437.2648
0.8082 299.94464 1388.6093 373.3534 1434.836
0.8082 1612.3955 655.64465 1792.9365 704.72894
0.7932 520.26526 831.42444 565.4399 867.05347
0.7909 913.8154 658.00244 967.2937 699.3097
0.7445 2048.4902 1956.1842 2147.3933 1999.2994
0.7378 1229.1566 1411.3014 1285.1056 1436.3778
0.7170 1296.723 830.4098 1327.6443 868.98926
0.6955 1525.8279 657.7581 1577.8785 700.3577
