1 1972.1655 2187.7507 2242.2212 2266.0522
2 1955.9152 1384.2161 2143.6184 1453.3820
3 1031.4550 2195.0474 1107.2488 2258.8306
4 333.5591 1575.1028 2148.2446 1722.0232
5 440.0435 1766.6084 498.7251 1819.2898
6 299.1889 1475.3323 481.9709 1535.9259
7 1852.0493 2545.0527 1926.7314 2595.4610
8 491.3595 1091.1105 1996.9993 1266.8436
9 1107.0150 2288.3184 1163.0771 2345.9830
10 1836.9733 563.8309 1907.7623 623.3676
11 1573.6981 2282.2275 2160.9631 2353.3408
12 1909.1340 652.2953 1963.6985 703.6298
13 788.0651 1475.4080 1175.5784 1540.3839
14 1892.2720 1939.6385 1944.0123 1996.1578
15 886.5003 1317.2279 952.3083 1366.4379
16 690.3476 1388.6394 739.7916 1452.0149
17 1054.8672 1394.3400 1111.7920 1452.7104
18 1245.2478 734.8781 1290.4124 796.8333
19 2077.0208 739.2404 2129.3684 789.0258
20 469.5287 734.2641 532.0535 786.2396
21 1786.5896 2197.2370 1890.0525 2258.2930
22 1113.6229 818.8692 1188.8550 872.3125
23 506.1167 1394.3185 575.3576 1452.5588
24 673.8928 739.6661 729.5620 790.7815
25 1944.5723 562.3635 2139.5637 622.3558
26 404.2580 1387.3851 467.5330 1442.2648
27 299.9446 1383.6093 373.3534 1439.8360
28 1612.3955 650.6446 1792.9365 709.7289
29 520.2653 826.4244 565.4399 872.0535
30 913.8154 653.0024 967.2937 704.3097
31 2048.4902 1951.1842 2147.3933 2004.2994
32 1229.1566 1406.3014 1285.1056 1441.3778
33 1296.7230 825.4098 1327.6443 873.9893
34 1525.8279 652.7581 1577.8785 705.3577
