1 473.3197 525.0602 538.1331 543.8525
2 469.4196 332.2119 514.4684 348.8117
3 247.5492 526.8114 265.7397 542.1193
4 80.0542 378.0247 515.5787 413.2856
5 105.6104 423.9860 119.6940 436.6296
6 71.8053 354.0798 115.6730 368.6222
7 444.4918 610.8126 462.4155 622.9106
8 117.9263 261.8665 479.2798 304.0425
9 265.6836 549.1964 279.1385 563.0359
10 440.8736 135.3194 457.8630 149.6082
11 377.6875 547.7346 518.6311 564.8018
12 458.1922 156.5509 471.2876 168.8712
13 189.1356 354.0979 282.1388 369.6921
14 454.1453 465.5132 466.5630 479.0779
15 212.7601 316.1347 228.5540 327.9451
16 165.6834 333.2735 177.5500 348.4836
17 253.1681 334.6416 266.8301 348.6505
18 298.8595 176.3707 309.6990 191.2400
19 498.4850 177.4177 511.0484 189.3662
20 112.6869 176.2234 127.6928 188.6975
21 428.7815 527.3369 453.6126 541.9903
22 267.2695 196.5286 285.3252 209.3550
23 121.4680 334.6364 138.0858 348.6141
24 161.7343 177.5199 175.0949 189.7876
25 466.6974 134.9672 513.4953 149.3654
26 97.0219 332.9724 112.2079 346.1436
27 71.9867 332.0662 89.6048 345.5606
28 386.9749 156.1547 430.3048 170.3349
29 124.8637 198.3419 135.7056 209.2928
30 219.3157 156.7206 232.1505 169.0343
31 491.6376 468.2842 515.3744 481.0319
32 294.9976 337.5123 308.4253 345.9307
33 311.2135 198.0984 318.6346 209.7574
34 366.1987 156.6619 378.6908 169.2858
