1 1972.1656 2187.7507 2242.2212 2266.0522
2 1955.9152 1384.2158 2143.6184 1453.3817
3 1031.4551 2195.0476 1107.2487 2258.8306
4 333.5524 1575.1029 2148.2815 1722.0233
5 440.0435 1766.6084 498.7251 1819.2898
6 299.1889 1475.3323 481.9709 1535.9259
7 1852.0493 2545.0527 1926.7314 2595.4610
8 491.3587 1091.1086 1996.9977 1266.8442
9 1107.0153 2288.3184 1163.0770 2345.9824
10 1836.9733 563.8309 1907.7623 623.3676
11 1573.6984 2282.2275 2160.9634 2353.3408
12 1909.1339 652.2953 1963.6987 703.6300
13 788.0649 1475.4080 1175.5781 1540.3839
14 1892.2720 1939.6388 1944.0123 1996.1576
15 886.5003 1317.2280 952.3083 1366.4379
16 690.3476 1388.6394 739.7916 1452.0149
17 1054.8672 1394.3400 1111.7920 1452.7104
18 1245.2480 734.8781 1290.4124 796.8333
19 2077.0205 739.2401 2129.3687 789.0256
20 469.5287 734.2639 532.0536 786.2391
21 1786.5896 2197.2370 1890.0525 2258.2930
22 1113.6230 818.8693 1188.8551 872.3125
23 506.1167 1394.3185 575.3576 1452.5588
24 673.8928 739.6659 729.5618 790.7812
25 1944.5725 562.3635 2139.5637 622.3555
26 404.2580 1387.3851 467.5331 1442.2649
27 299.9446 1383.6093 373.3534 1439.8360
28 1612.3949 650.6448 1792.9362 709.7296
29 520.2653 826.4243 565.4399 872.0529
30 913.8154 653.0024 967.2937 704.3092
31 2048.4897 1951.1826 2147.3920 2004.2998
32 1229.1565 1406.3014 1285.1055 1441.3780
33 1296.7231 825.4097 1327.6442 873.9895
34 1525.8278 652.7586 1577.8789 705.3587
