1 473.3197 525.0602 538.1331 543.8525
2 469.4196 332.2118 514.4684 348.8116
3 247.5492 526.8114 265.7397 542.1193
4 80.0526 378.0247 515.5876 413.2856
5 105.6104 423.9860 119.6940 436.6296
6 71.8053 354.0798 115.6730 368.6222
7 444.4918 610.8126 462.4155 622.9106
8 117.9261 261.8661 479.2794 304.0426
9 265.6837 549.1964 279.1385 563.0358
10 440.8736 135.3194 457.8630 149.6082
11 377.6876 547.7346 518.6312 564.8018
12 458.1921 156.5509 471.2877 168.8712
13 189.1356 354.0979 282.1387 369.6921
14 454.1453 465.5133 466.5630 479.0778
15 212.7601 316.1347 228.5540 327.9451
16 165.6834 333.2735 177.5500 348.4836
17 253.1681 334.6416 266.8301 348.6505
18 298.8595 176.3707 309.6990 191.2400
19 498.4849 177.4176 511.0485 189.3661
20 112.6869 176.2233 127.6929 188.6974
21 428.7815 527.3369 453.6126 541.9903
22 267.2695 196.5286 285.3252 209.3550
23 121.4680 334.6364 138.0858 348.6141
24 161.7343 177.5198 175.0948 189.7875
25 466.6974 134.9672 513.4953 149.3653
26 97.0219 332.9724 112.2079 346.1436
27 71.9867 332.0662 89.6048 345.5606
28 386.9748 156.1548 430.3047 170.3351
29 124.8637 198.3418 135.7056 209.2927
30 219.3157 156.7206 232.1505 169.0342
31 491.6375 468.2838 515.3741 481.0320
32 294.9976 337.5123 308.4253 345.9307
33 311.2135 198.0983 318.6346 209.7575
34 366.1987 156.6621 378.6909 169.2861
