0.9042 1703.8154 1783.292 1853.8601 1838.1425
0.8990 1819.7866 1958.6562 1966.8293 2012.8899
0.8953 964.6227 998.3877 1114.516 1054.2854
0.8802 1139.7192 737.9968 1285.8083 791.80817
0.8725 907.3587 1351.0958 1090.0753 1401.1602
0.8517 1848.8433 1002.0964 2042.7195 1053.1467
0.8375 1099.0846 1439.882 1267.5482 1488.5936
0.8321 300.88327 1527.0474 469.72968 1576.8239
0.8117 561.29224 572.038 703.8758 612.8159
0.7341 704.5285 2675.9084 797.4354 2707.154
0.7261 2053.2761 1878.381 2208.874 1922.9348
