0.9036 1972.1656 2192.7507 2242.2212 2261.0522
0.8896 1955.9152 1389.2158 2143.6184 1448.3817
0.8870 1031.4551 2200.0476 1107.2487 2253.8306
0.8869 333.5524 1580.1029 2148.2815 1717.0233
0.8806 440.0435 1771.6084 498.72507 1814.2898
0.8795 299.18893 1480.3323 481.97092 1530.9259
0.8753 1852.0493 2550.0527 1926.7314 2590.461
0.8736 491.3587 1096.1086 1996.9977 1261.8442
0.8665 1107.0153 2293.3184 1163.077 2340.9824
0.8653 1836.9733 568.8309 1907.7623 618.3676
0.8651 1573.6984 2287.2275 2160.9634 2348.3408
0.8626 1909.1339 657.2953 1963.6987 698.63
0.8561 788.06494 1480.408 1175.5781 1535.3839
0.8549 1892.272 1944.6388 1944.0123 1991.1576
0.8523 886.5003 1322.228 952.3083 1361.4379
0.8521 690.3476 1393.6394 739.79156 1447.0149
0.8508 1054.8672 1399.34 1111.792 1447.7104
0.8467 1245.248 739.87805 1290.4124 791.8333
0.8452 2077.0205 744.2401 2129.3687 784.02563
0.8421 469.52866 739.2639 532.0536 781.23914
0.8398 1786.5896 2202.237 1890.0525 2253.293
0.8348 1113.623 823.86926 1188.8551 867.3125
0.8241 506.11673 1399.3185 575.3576 1447.5588
0.8212 673.89276 744.66595 729.5618 785.7812
0.8178 1944.5725 567.36346 2139.5637 617.3555
0.8111 404.25797 1392.3851 467.53308 1437.2649
0.8082 299.94464 1388.6093 373.3534 1434.836
0.8082 1612.3949 655.64484 1792.9362 704.72955
0.7933 520.26526 831.42426 565.4399 867.05286
0.7909 913.8154 658.00244 967.2937 699.3092
0.7445 2048.4897 1956.1826 2147.392 1999.2998
0.7378 1229.1565 1411.3014 1285.1055 1436.378
0.7170 1296.7231 830.4097 1327.6442 868.9895
0.6955 1525.8278 657.7586 1577.8789 700.3587
