1 1972.1656 2187.7507 2242.2212 2266.0522
2 1955.9159 1384.2161 2143.6174 1453.3820
3 1031.4550 2195.0479 1107.2488 2258.8306
4 333.5548 1575.1031 2148.2832 1722.0245
5 440.0435 1766.6084 498.7251 1819.2898
6 299.1892 1475.3325 481.9702 1535.9258
7 1852.0482 2545.0518 1926.7318 2595.4595
8 491.3579 1091.1099 1996.9993 1266.8450
9 1107.0153 2288.3184 1163.0770 2345.9824
10 1836.9735 563.8311 1907.7610 623.3682
11 1573.6991 2282.2283 2160.9634 2353.3408
12 1909.1339 652.2953 1963.6987 703.6300
13 788.0630 1475.4069 1175.5798 1540.3850
14 1892.2720 1939.6389 1944.0123 1996.1575
15 886.5001 1317.2280 952.3083 1366.4379
16 690.3477 1388.6395 739.7915 1452.0151
17 1054.8674 1394.3400 1111.7919 1452.7095
18 1245.2480 734.8781 1290.4124 796.8333
19 2077.0205 739.2401 2129.3687 789.0256
20 469.5287 734.2639 532.0536 786.2391
21 1786.5896 2197.2370 1890.0529 2258.2930
22 1113.6238 818.8674 1188.8551 872.3129
23 506.1186 1394.3137 575.3578 1452.5576
24 673.8928 739.6659 729.5619 790.7812
25 1944.5726 562.3635 2139.5637 622.3555
26 404.2576 1387.3853 467.5329 1442.2650
27 299.9462 1383.6096 373.3531 1439.8378
28 1612.3949 650.6448 1792.9362 709.7296
29 520.2653 826.4243 565.4399 872.0529
30 913.8154 653.0024 967.2937 704.3093
31 2048.4900 1951.1826 2147.3910 2004.3005
32 1229.1565 1406.3014 1285.1055 1441.3780
33 1296.7230 825.4098 1327.6443 873.9894
34 1525.8278 652.7586 1577.8789 705.3587
35 434.5933 1317.2278 786.9942 1363.8035
