1 473.3197 525.0602 538.1331 543.8525
2 469.4198 332.2119 514.4682 348.8117
3 247.5492 526.8115 265.7397 542.1193
4 80.0532 378.0247 515.5880 413.2859
5 105.6104 423.9860 119.6940 436.6296
6 71.8054 354.0798 115.6728 368.6222
7 444.4916 610.8124 462.4156 622.9103
8 117.9259 261.8664 479.2798 304.0428
9 265.6837 549.1964 279.1385 563.0358
10 440.8736 135.3195 457.8626 149.6084
11 377.6878 547.7348 518.6312 564.8018
12 458.1921 156.5509 471.2877 168.8712
13 189.1351 354.0977 282.1392 369.6924
14 454.1453 465.5133 466.5630 479.0778
15 212.7600 316.1347 228.5540 327.9451
16 165.6834 333.2735 177.5500 348.4836
17 253.1682 334.6416 266.8301 348.6503
18 298.8595 176.3707 309.6990 191.2400
19 498.4849 177.4176 511.0485 189.3661
20 112.6869 176.2233 127.6929 188.6974
21 428.7815 527.3369 453.6127 541.9903
22 267.2697 196.5282 285.3252 209.3551
23 121.4685 334.6353 138.0859 348.6138
24 161.7343 177.5198 175.0949 189.7875
25 466.6974 134.9672 513.4953 149.3653
26 97.0218 332.9725 112.2079 346.1436
27 71.9871 332.0663 89.6047 345.5611
28 386.9748 156.1548 430.3047 170.3351
29 124.8637 198.3418 135.7056 209.2927
30 219.3157 156.7206 232.1505 169.0342
31 491.6376 468.2838 515.3738 481.0321
32 294.9976 337.5123 308.4253 345.9307
33 311.2135 198.0984 318.6346 209.7575
34 366.1987 156.6621 378.6909 169.2861
35 104.3024 316.1347 188.8786 327.3128
