0.9036 1972.1656 2192.7507 2242.2212 2261.0522
0.8896 1955.9159 1389.2161 2143.6174 1448.382
0.8870 1031.455 2200.0479 1107.2488 2253.8306
0.8869 333.55475 1580.1031 2148.2832 1717.0245
0.8806 440.0435 1771.6084 498.72507 1814.2898
0.8795 299.18924 1480.3325 481.9702 1530.9258
0.8753 1852.0482 2550.0518 1926.7318 2590.4595
0.8736 491.3579 1096.1099 1996.9993 1261.845
0.8665 1107.0153 2293.3184 1163.077 2340.9824
0.8653 1836.9735 568.83105 1907.761 618.36816
0.8652 1573.6991 2287.2283 2160.9634 2348.3408
0.8626 1909.1339 657.2953 1963.6987 698.63
0.8561 788.06305 1480.4069 1175.5798 1535.385
0.8549 1892.272 1944.6389 1944.0123 1991.1575
0.8523 886.5001 1322.228 952.3083 1361.4379
0.8521 690.34766 1393.6395 739.7915 1447.0151
0.8508 1054.8674 1399.34 1111.7919 1447.7095
0.8467 1245.248 739.8781 1290.4124 791.8333
0.8452 2077.0205 744.2401 2129.3687 784.02563
0.8421 469.52866 739.2639 532.0536 781.23914
0.8398 1786.5896 2202.237 1890.0529 2253.293
0.8348 1113.6238 823.86743 1188.8551 867.31287
0.8239 506.11856 1399.3137 575.35785 1447.5576
0.8212 673.8928 744.66595 729.5619 785.7812
0.8178 1944.5726 567.36346 2139.5637 617.35547
0.8110 404.25757 1392.3853 467.5329 1437.265
0.8082 299.9462 1388.6096 373.3531 1434.8378
0.8082 1612.3949 655.64484 1792.9362 704.72955
0.7933 520.26526 831.42426 565.4399 867.05286
0.7909 913.8154 658.00244 967.2937 699.30927
0.7447 2048.49 1956.1826 2147.391 1999.3005
0.7378 1229.1565 1411.3014 1285.1055 1436.378
0.7169 1296.723 830.4098 1327.6443 868.98944
0.6955 1525.8278 657.7586 1577.8789 700.3587
0.6505 434.59332 1322.2278 786.9942 1358.8035
